name=30
interval=30
latitude=32.870376
longitude=-117.251959
distance=300
sleep=600
